\begin{table}[p]\centering
\caption{Percentage ($\%$) of $ 6\times 5 $ training instances classified as 
hard simultaneously, defined by \cref{eq:easyorhard:cnt}. Note, each problem 
space consists of $N_{\text{train}}= 500$.}
\label{tbl:hard:cnt:6x5}{\scriptsize
\subcaptionbox{\jrnd{6}{5}}{\begin{tabular}{lrrrr}
\toprule SDR
&      SPT&  LPT& LWR&  MWR\\ \toprule
SPT&30.38&  5.24& 21.08& 0.04\\
LPT& 5.24& 15.24&  9.78& 0.10\\
LWR&21.08&  9.78& 54.18& 0.08\\
MWR& 0.04&  0.10&  0.08& 0.20\\
\bottomrule
\end{tabular}}
\quad 
\subcaptionbox{\jrndn{6}{5}}{\begin{tabular}{lrrrr}
\toprule SDR
&      SPT& LPT& LWR&  MWR\\ \toprule
SPT&37.54& 4.46& 25.56& 0.02\\
LPT& 4.46& 9.70&  6.18& 0.04\\
LWR&25.56& 6.18& 52.82& 0.06\\
MWR& 0.02& 0.04& 0.06&  0.06\\
\bottomrule
\end{tabular}}
\\
\subcaptionbox{\jrndJ{6}{5}}{\begin{tabular}{lrrrr}
\toprule SDR
&      SPT&  LPT& LWR&  MWR\\ \toprule
SPT&38.20&  7.34& 26.46& 0.40\\
LPT& 7.34& 14.18&  9.10& 0.46\\
LWR&26.46&  9.10& 46.70& 0.48\\
MWR& 0.40&  0.46&  0.48& 0.92\\
\bottomrule
\end{tabular}}
\quad 
\subcaptionbox{\jrndM{6}{5}}{\begin{tabular}{lrrrr}
\toprule SDR
&      SPT& LPT& LWR&  MWR\\ \toprule
SPT&43.08& 3.00& 31.42& 0.04\\
LPT& 3.00& 5.72&  3.62&    0\\
LWR&31.42& 3.62& 51.12& 0.04\\
MWR& 0.04&    0&  0.04& 0.10\\
\bottomrule
\end{tabular}}
\\
\subcaptionbox{\frnd{6}{5}}{\begin{tabular}{lrrrr}
\toprule SDR
&      SPT&  LPT&  LWR& MWR\\ \toprule
SPT&22.90& 11.70& 3.74&  6.24\\
LPT&11.70& 41.82& 5.64& 16.14\\
LWR& 3.74&  5.64& 7.50&  1.16\\
MWR& 6.24& 16.14& 1.16& 27.82\\
\bottomrule
\end{tabular}}
\quad 
\subcaptionbox{\frndn{6}{5}}{\begin{tabular}{lrrrr}
\toprule SDR
&      SPT& LPT&  LWR&MWR\\ \toprule
SPT&44.38& 3.48&   0& 22.20\\
LPT& 3.48& 7.28&   0&  3.90\\
LWR&    0&    0&   0&     0\\
MWR&22.20& 3.90&   0& 48.42\\
\bottomrule
\end{tabular}}
\\
\subcaptionbox{\fjc{6}{5}}{\begin{tabular}{lrrrr}
\toprule SDR
&      SPT&  LPT&  LWR& MWR\\ \toprule
SPT&36.44& 12.48& 2.74& 18.22\\
LPT&12.48& 24.08& 0.94& 14.28\\
LWR& 2.74&  0.94& 2.80&  0.90\\
MWR&18.22& 14.28& 0.90& 36.70\\
\bottomrule
\end{tabular}}
\quad 
\subcaptionbox{\fmc{6}{5}}{\begin{tabular}{lrrrr}
\toprule SDR
&      SPT&  LPT&  LWR&MWR\\ \toprule
SPT&49.20& 12.94&   0& 23.16\\
LPT&12.94& 18.98&   0&  9.76\\
LWR&    0&     0&   0&     0\\
MWR&23.16&  9.76&   0& 31.76\\
\bottomrule
\end{tabular}}
\\
\subcaptionbox{\fmxc{6}{5}}{\begin{tabular}{lrrrr}
\toprule SDR
&     SPT&  LPT&  LWR& MWR\\ \toprule
SPT&45.16& 12.24& 7.48& 11.34\\
LPT&12.24& 24.78& 0.52& 14.10\\
LWR& 7.48&  0.52& 7.68&  0.26\\
MWR&11.34& 14.10& 0.26& 22.48\\
  \bottomrule
\end{tabular}}
}\end{table}
