\begin{table}\centering
\caption[Percentage of $6\times5$ instances simultaneously classified as 
easy]{Percentage ($\%$) of $ 6\times 5 $ training instances classified as 
easy simultaneously, defined by \cref{eq:easyorhard:cnt}. Note, each problem 
space consists of $N_{\train}= 500$.}
\label{tbl:easy:cnt:6x5}{\scriptsize
\subcaptionbox{\jrnd{6}{5}}{\begin{tabular}{lrrrr}
\toprule SDR &
     SPT&   LPT&   LWR& MWR\\ \midrule
SPT& 8.90&  2.04& 1.02&  5.44\\
LPT& 2.04& 22.06& 1.14& 17.46\\
LWR& 1.02&  1.14& 3.64&  2.12\\
MWR& 5.44& 17.46& 2.12& 65.30\\
\bottomrule
\end{tabular}}
\quad 
\subcaptionbox{\jrndn{6}{5}}{\begin{tabular}{lrrrr}
\toprule SDR &
     SPT&   LPT&   LWR& MWR\\ \midrule
SPT& 2.88&  0.82& 0.34&  2.12\\
LPT& 0.82& 24.42& 0.54& 18.96\\
LWR& 0.34&  0.54& 2.10&  1.46\\
MWR& 2.12& 18.96& 1.46& 70.70\\
\bottomrule
\end{tabular}}
\\
\subcaptionbox{\jrndJ{6}{5}}{\begin{tabular}{lrrrr}
\toprule SDR &
     SPT&   LPT&   LWR& MWR\\ \midrule
SPT& 8.22&  3.20& 2.46&  5.12\\
LPT& 3.20& 27.92& 3.22& 22.10\\
LWR& 2.46&  3.22& 7.80&  4.94\\
MWR& 5.12& 22.10& 4.94& 56.00\\
\bottomrule
\end{tabular}}
\quad
\subcaptionbox{\jrndM{6}{5}}{\begin{tabular}{lrrrr}
\toprule SDR &
     SPT&   LPT&   LWR& MWR\\ \midrule
SPT& 2.28&  0.60& 0.24&  1.20\\
LPT& 0.60& 31.68& 0.36& 26.60\\
LWR& 0.24&  0.36& 1.10&  0.64\\
MWR& 1.20& 26.60& 0.64& 64.96\\
\bottomrule
\end{tabular}}
\\
\subcaptionbox{\frnd{6}{5}}{\begin{tabular}{lrrrr}
\toprule SDR &
      SPT&  LPT&   LWR&  MWR\\ \midrule
SPT& 23.02& 2.76& 15.00&  4.90\\
LPT&  2.76& 8.44&  6.12&  4.02\\
LWR& 15.00& 6.12& 47.60&  7.46\\
MWR&  4.90& 4.02&  7.46& 20.94\\
\bottomrule
\end{tabular}}
\quad 
\subcaptionbox{\frndn{6}{5}}{\begin{tabular}{lrrrr}
\toprule SDR &
     SPT&   LPT&  LWR&  MWR\\ \midrule
SPT& 0.94&  0.30&  0.88& 0.06\\
LPT& 0.30& 13.22& 11.74& 0.16\\
LWR& 0.88& 11.74& 85.18& 0.36\\
MWR& 0.06&  0.16&  0.36& 0.48\\
\bottomrule
\end{tabular}}
\\
\subcaptionbox{\fjc{6}{5}}{\begin{tabular}{lrrrr}
\toprule SDR &
      SPT&   LPT&   LWR&  MWR\\ \midrule
SPT& 22.14&  4.24& 21.44&  3.88\\
LPT&  4.24& 21.52&  5.78& 15.38\\
LWR& 21.44&  5.78& 35.64&  4.62\\
MWR&  3.88& 15.38&  4.62& 21.38\\
\bottomrule
\end{tabular}}
\quad
\subcaptionbox{\fmc{6}{5}}{\begin{tabular}{lrrrr}
\toprule SDR &
      SPT&   LPT&   LWR&  MWR\\ \midrule
SPT& 10.64&  5.28&  3.74&  7.96\\
LPT&  5.28& 18.46&  8.16& 10.08\\
LWR&  3.74&  8.16& 49.04&  4.34\\
MWR&  7.96& 10.08&  4.34& 21.46\\
\bottomrule
\end{tabular}}
\\
\subcaptionbox{\fmxc{6}{5}}{\begin{tabular}{lrrrr}
\toprule SDR &
      SPT&   LPT&   LWR&  MWR\\ \midrule
SPT& 12.58&  0.82& 12.42&  0.76\\
LPT&  0.82& 26.30&  1.08& 25.10\\
LWR& 12.42&  1.08& 31.60&  0.98\\
MWR&  0.76& 25.10&  0.98& 29.66\\
  \bottomrule
\end{tabular}}
}\end{table}

